.PARTS
U1     ESP32-WROOM-32               ESP32_DEV_BOARD         136,543   45,884  F 0.00
U2     7809                         K7809-500R3              60,198   66,040    90.00
U3     MCP7940N                     SO-8                    117,983   38,719    0.00
R1     PULLUP                       0805                    147,962   61,151    180.00
R3     10K                          0805                    144,145   69,215    180.00
R4     10k                          0805                    134,500   61,659    0.00
R5     4K7                          0805                    132,214   61,659    180.00
R6     10K                          0805                    121,800   61,913    0.00
R7     4K7                          0805                    124,340   61,913    180.00
R8     10K                          0805                    136,913   61,659    0.00
R9     10k                          0805                    139,326   61,659    0.00
R10    1K                           0805                    124,460   35,925    0.00
R11    10K                          0805                    114,046   42,122    180.00
R12    10K                          0805                    153,543   69,215    180.00
R13    10K                          0805                    151,257   69,215    180.00
R14    10K                          0805                    148,844   69,215    180.00
R15    10K                          0805                    119,006   61,913    0.00
R16    10K                          0805                    126,873   29,845    180.00
R17    10K                          0805                    150,025   50,111    0.00
R18    10K                          0805                    146,431   69,215    180.00
R19    330R                         0805                    138,691   64,580    90.00
D1     4007                         SOD80                    61,026   48,260    270.00
D2     4007                         SOD80                    61,026   41,910    270.00
D3     4007                         SOD80                    56,147   45,974    0.00
D4     4007                         SOD80                    56,147   48,768    0.00
D5     4007                         SOD80                   100,650   72,898    0.00
D6     4007                         SOD80                   102,428   66,040    270.00
D7     4007                         SOD80                   102,428   37,084    270.00
D8     4007                         SOD80                   102,428   43,688    270.00
D9     4007                         SOD80                   102,428   59,436    270.00
D10    4007                         SOD80                   102,428   30,226    270.00
D11    4007                         SOD80                    53,152   68,072    90.00
D12    4007                         SOD80                    61,026   35,560    90.00
C1     1000uF                       CED10R5                  57,658   55,245    90.00
C2     100nF                        1206                     58,232   68,580    270.00
C3     100nF                        1206                     58,232   64,008    90.00
C8     100nF                        0805                    151,010   30,163    270.00
C9     100nF                        0805                    121,920   35,925    180.00
C10    10pF                         0805                    113,919   35,798    180.00
C12    10pF                         0805                    122,682   38,973    90.00
Y1     32768KHZ                     CRYSTALL_AD38T          116,713   34,655    270.00
DP1    DISPLAY                      SSD1306V1               140,665   49,857    270.00
Q1     BC547                        SOT-23                  128,912   69,279    180.00
Q2     BC547                        SOT-23                  123,070   69,279    180.00
S2     ENCODER                      ENCODER                 120,659   49,857    270.00
F1     FUSIBLE_REARMABLE            FBT1.6AB                 54,516   26,760    90.00
V1     VARISTOR_250V                VARISTOR250V             41,976   27,432    180.00
J1     CONECTOR_15VIAS_R2.54        CN15_VIAS_R2.54          70,625   73,152    0.00
J2     CONECTOR_15VIAS_R2.54        CN15_VIAS_R2.54         135,763   73,025    0.00
RL1    DC12V_2C_16A                 REL3203V2                45,593   60,071    270.00
RL2    DC12V_2C_2A                  REL30.22                 49,403   37,465    180.00
TRF1   TRANSFORMADOR_6VA_230/12V    TRFINSAT                 81,788   48,895    270.00
TRF2   TRANSFORMADOR_2.5VA_230/12V  TF220_12                 81,153   48,895    90.00
CON1   CONECTOR                     CN9VR5                  108,016   49,260    90.00
CON2   CONECTOR                     CN6VR5                   31,115   48,260    90.00
LD1    LED                          0805                    141,739   65,215    180.00
R1000  r1000                        0805                     31,115   29,510    90.00
.ENDPARTS
